trois.txt
14
22
outre.jpg
0
98
6
623
70
0
3
crevette.png
1
198
3
297
400
0
5
zplank.png
2
102
73
73
500
0
7
truite.png
3
168
416
118
350
0
4
crapaud.png
4
203
595
65
400
277
6
aligator.png
5
74
870
181
10
0
5
aigrette.jpg
6
111
911
378
40
436
3
grenouille.png
7
72
813
563
500
362
6
loup.png
8
66
683
664
20
0
2
ratlav.png
9
70
355
656
100
0
5
tortue.png
10
70
130
667
120
0
4
ecrevisse.png
11
74
282
323
450
0
4
ciseaux.png
12
70
492
333
500
234
8
escargot.png
13
70
482
526
500
0
5
1
3
0
1
10
0
1
11
0
2
3
0
2
10
0
2
11
0
3
0
0
3
5
0
4
5
0
6
5
0
7
6
0
7
9
0
9
8
0
10
5
0
11
5
0
11
9
0
12
4
3
12
6
-10
12
7
0
13
6
-10
13
7
0
13
11
0
